AA	P3	P2	P1	P1'	P2'	P3'
G	-2.170979	0.784487	-0.358417	-7.000000	-0.937989	0.0
A	2.054696	1.101791	0.757348	-3.497690	-0.671692	0.0
P	2.404023	-7.000000	0.847428	-7.000000	-7.000000	0.0
C	-7.000000	-7.000000	-1.522136	-7.000000	-7.000000	0.0
T	-1.610698	-3.360527	-1.310325	-7.000000	0.740090	0.0
S	0.282582	0.019318	0.093249	-7.000000	0.493350	0.0
D	-7.000000	-0.221674	0.681539	-7.000000	-7.000000	0.0
N	-2.897973	0.693641	-0.325630	-7.000000	-0.428042	0.0
E	-1.670566	-0.379245	-0.729459	-7.000000	-0.691033	0.0
Q	-1.335408	0.478734	0.887814	-3.052416	0.408451	0.0
K	-7.000000	-0.459854	-0.556945	-7.000000	0.652867	0.0
H	-0.783340	0.274852	0.740194	-7.000000	-0.076935	0.0
R	-7.000000	-1.604455	0.840524	-7.000000	0.143420	0.0
V	1.413957	-3.532491	-3.912890	-1.450045	0.695575	0.0
I	0.235752	-2.980739	-7.000000	0.933520	-0.691080	0.0
L	-0.098753	0.893789	-0.486570	2.856314	-0.518370	0.0
M	0.647434	0.519381	0.263804	1.100143	1.523953	0.0
F	-1.274948	-0.370919	0.355885	-0.820413	0.347926	0.0
Y	-2.890466	-1.052626	0.306974	-1.055951	0.066082	0.0
W	-7.000000	1.607735	-0.662894	-2.136886	-1.691057	0.0