AA	P3	P2	P1	P1'	P2'	P3'
A	-2.4901	-1.1608	0	-6.7913	-1.3625	0
L	-3.5476	-0.6591	-1.8179	0	-0.4599	-2.0375
R	-5.5833	0	-0.9454	-5.5811	0.0775	-1.7554
K	-5.5822	-1.5491	-1.9497	-5.6364	-1.0247	-2.024
N	-5.5833	-2.5446	-0.3611	-3.4671	-2.2052	-1.534
M	-3.9043	-1.241	-1.6615	-1.037	-1.0456	-1.5599
D	-6.0475	-3.2074	-1.8835	-5.0571	-3.5078	-3.1886
F	-5.2939	-1.0736	-1.1619	-2.1467	-2.3987	-2.3521
C	-5.8107	-4.8586	-4.0528	-5.975	-4.7458	-6.8412
P	0	-5.6868	-0.6695	-4.8583	-7.0292	-5.0549
Q	-5.5833	-1.9624	-1.7138	-3.2756	-1.2662	-2.5362
S	-3.2686	-1.4141	-0.4198	-3.7415	-1.3929	-0.2212
E	-6.6634	-2.8458	-1.6977	-6.1739	-3.5078	-3.1886
T	-3.7366	-3.2577	-2.1805	-3.4671	0	-0.1638
G	-3.6264	-1.4399	0.1504	-5.8963	-3.5078	-0.4725
W	-3.7865	-1.465	-0.4886	-2.2726	-1.3792	-3.1886
H	-4.9297	-2.0607	-0.603	-3.4671	-1.3365	-2.3026
Y	-3.981	-0.8654	-1.3645	-1.6197	-1.116	-1.9641
I	-3.4328	-2.1425	-4.4481	-1.2173	-1.0145	-3.1886
V	-2.0108	-1.505	-4.0528	-2.0266	-1.2554	-1.8877
