AA	P3	P2	P1	P1'	P2'	P3'
G	-3.852667	-3.901634	1.044758	-3.989192	-2.836089	0.0
A	1.109962	-0.124959	1.817762	-3.680012	-0.984845	0.0
P	3.881524	-3.313585	0.033384	-5.000000	-5.000000	0.0
C	-5.000000	-5.000000	-5.000000	-5.000000	-5.000000	0.0
T	-2.292369	-1.876678	-2.861343	-3.882145	0.864335	0.0
S	-2.901634	-0.327004	0.226730	-1.896952	-1.404764	0.0
D	-5.000000	-5.000000	-0.869464	-5.000000	-5.000000	0.0
N	-3.579663	-1.629947	1.275359	-2.778729	-2.589181	0.0
E	-5.000000	-1.480478	-1.543509	-5.000000	-1.267219	0.0
Q	-5.000000	-1.452530	-0.826693	-1.649910	-0.167734	0.0
K	-5.000000	0.962497	-0.271461	-3.628073	-0.382758	0.0
H	-3.050024	-2.048770	0.636636	-1.029794	0.832291	0.0
R	-4.412731	2.000303	-1.932857	-2.614757	1.524154	0.0
V	1.469224	-0.589290	-3.141908	-0.217407	-0.128551	0.0
I	-1.860976	-1.911967	-5.000000	0.358790	0.218149	0.0
L	-0.558070	0.281324	-0.815199	2.347796	-1.473090	0.0
M	-2.204167	-0.359435	-1.135206	1.765721	1.247326	0.0
F	-3.541534	-0.012708	0.513814	-0.265848	-0.550190	0.0
Y	-5.000000	0.238469	-1.300626	1.247046	1.074855	0.0
W	-0.832668	0.750452	1.429943	-1.734323	0.732738	0.0
